# k, stoch at z=[0.  0.5 1.  1.5 2.  3.  4.  5. ]
3.911336014668146538e-02 3.800896344233988202e+02 2.106344924745462777e+02 1.038022791731373218e+02 3.282115938801416632e+01 2.237328282908492838e+01 4.070134399950256920e+01 1.255918493924551058e+03 1.144189791709013662e+02
6.837341045179674837e-02 5.560634330406983281e+02 3.207963443520666260e+02 1.461438115741939328e+02 4.172432661442599056e+01 3.052799429778224294e+01 6.807032402776894742e+01 2.311432012656232473e+02 1.598695184464431804e+02
9.606098687770414646e-02 6.247081817441808198e+02 3.074704717758522747e+02 1.225999852372447094e+02 4.697447617512671059e+01 3.236840719375231856e+01 6.844902245328057688e+01 1.250637573271978908e+02 1.498127174841856686e+02
1.244554894311087484e-01 4.478176343225679830e+02 2.212130107448365379e+02 1.069233706677946429e+02 4.127078242229708849e+01 3.007646045155706815e+01 5.993723391515868570e+01 1.002503071896262554e+02 1.110548724984764704e+02
1.562393161228724792e-01 4.312582319388045562e+02 2.154013392541667145e+02 1.013653434235516215e+02 4.058412682951370698e+01 3.156019260144012151e+01 5.447246754216325826e+01 7.194181293286942491e+01 9.885992478727507660e+01
1.876351692279179806e-01 3.519649291030376617e+02 1.909988370221274181e+02 9.041584105377137348e+01 3.705340526828990733e+01 2.940135148536796805e+01 4.849191523091212730e+01 6.863077694894241176e+01 9.255231483237230350e+01
2.167467004139954079e-01 3.354545445729621633e+02 1.733468514927081969e+02 8.312587252667594839e+01 3.859388219196193859e+01 3.215476379084338987e+01 5.103938185599940880e+01 6.617116923642186066e+01 8.185220844798971029e+01
2.459661214370427174e-01 2.781200085322265068e+02 1.509930468676101327e+02 7.509971375203656407e+01 3.954210341765747216e+01 3.036795164751549692e+01 4.310542230255532559e+01 6.002172685193181678e+01 7.451119545759365792e+01
2.776061299072672961e-01 2.681570336620161470e+02 1.481831318745820454e+02 6.999474771983204846e+01 3.424229772266448890e+01 2.610475951706780506e+01 3.915482731525469262e+01 5.110519279355594335e+01 6.536978743192344155e+01
3.093581690788269056e-01 2.431124304635649196e+02 1.341131476191856677e+02 6.530854668771371507e+01 3.203619792802612665e+01 2.571903086071267808e+01 3.970877090367321216e+01 5.276525814674619141e+01 6.510796901429966965e+01
3.390238070438919005e-01 2.319220450342216964e+02 1.324671986704621531e+02 6.636935848335599530e+01 3.190036614895313960e+01 2.420226902588660778e+01 3.814760863236722344e+01 4.918189542461573183e+01 6.207750510170205871e+01
3.686891969995698681e-01 2.161263170450646669e+02 1.178628500528876089e+02 6.176636714871182221e+01 3.090429432675779253e+01 2.444735329623955522e+01 3.496738948020521320e+01 4.568679403848574339e+01 5.721190660334303857e+01
3.998179656305479446e-01 1.951536928854636415e+02 1.133746887871247964e+02 6.073199192748313635e+01 3.012138286766167994e+01 2.434934040407347311e+01 3.484874145536508649e+01 4.567633616862997314e+01 5.555987997354048957e+01
4.307427355964437710e-01 1.893912882425539408e+02 1.172803399978479320e+02 6.149372046138091719e+01 3.076331141419473170e+01 2.248733002488864940e+01 3.154640597530823243e+01 4.073895225441629009e+01 4.977005287955745416e+01
4.602541768259896804e-01 1.869392800569933968e+02 1.085338523652777667e+02 5.674956248637931822e+01 2.855412961436746855e+01 2.155194490758162829e+01 2.956594677631198920e+01 3.817784202610641842e+01 4.612307661720575425e+01
4.905365676919881124e-01 1.692774574863892383e+02 1.060238773665640792e+02 5.618148723341425921e+01 2.977729590013535699e+01 2.187398992008371579e+01 3.092285208032654964e+01 4.007917683425444011e+01 4.872586916706677584e+01
5.220186061784825027e-01 1.660474384763358273e+02 1.004542851630555731e+02 5.397839304271877836e+01 2.754437916125414176e+01 2.037489811300719111e+01 2.683639093590278435e+01 3.407920228940204765e+01 4.177486172153757593e+01
5.533037609619487762e-01 1.507328240973133688e+02 9.430410919599714248e+01 5.455331057744663781e+01 2.702600754013118944e+01 2.022522139718302014e+01 2.667805973459078928e+01 3.321482223083222607e+01 4.026317099644748509e+01
5.834579147456598891e-01 1.455790317765296038e+02 9.171178149810083369e+01 5.258198473167968245e+01 2.649207386552106414e+01 1.981995018374414030e+01 2.491193062179340245e+01 3.173632997381463383e+01 3.841152260142874297e+01
6.135626936602980308e-01 1.395987983375275974e+02 9.175117886875014506e+01 5.072394157841944207e+01 2.680288411087380496e+01 1.921988220064682196e+01 2.401183040934373025e+01 3.058291904774179670e+01 3.730825624190433132e+01
6.446289587863726078e-01 1.337321949211477090e+02 8.586638308109061768e+01 4.894171015184008411e+01 2.578146279263657448e+01 1.926480844851769803e+01 2.338408574496764913e+01 2.979719318198476685e+01 3.588857140398840784e+01
6.753962680632674687e-01 1.287216867069923580e+02 8.542869128031502157e+01 4.992504622764124633e+01 2.648824983270196753e+01 1.872807577881292218e+01 2.199965331613748276e+01 2.808799904403707615e+01 3.375474537250875073e+01
7.056079649701331169e-01 1.243803893105340137e+02 8.352366761346659985e+01 4.872835011133813055e+01 2.590100976840795965e+01 1.856687058482472708e+01 2.190436041353515861e+01 2.812708816756341434e+01 3.357559139120323266e+01
7.358702784166429867e-01 1.209865611581768690e+02 8.006350631234437287e+01 4.655551420788037831e+01 2.512065618748459883e+01 1.783100504180706025e+01 2.015269593945464521e+01 2.523377646660878781e+01 3.015271142302070473e+01
7.666965794854120331e-01 1.174068540512560332e+02 7.993455931581239327e+01 4.762482562192309388e+01 2.547422686431829675e+01 1.790413538119395298e+01 1.963801697070550745e+01 2.499913686998084472e+01 3.001719067073979375e+01
7.977642645371560981e-01 1.131471446315570120e+02 7.796409134338711056e+01 4.622254999002197451e+01 2.529459046795611243e+01 1.773006255688630972e+01 1.925459965038419341e+01 2.458992111951567949e+01 2.909759665977236409e+01
8.284170838636251144e-01 1.069607425223682213e+02 7.519386704692739443e+01 4.474683523066759960e+01 2.502952326794743954e+01 1.746663176217276714e+01 1.878012995877082858e+01 2.346273652862210213e+01 2.843840877211640361e+01
8.590304446229971580e-01 1.043814752817038425e+02 7.542537465899498272e+01 4.460740987291785586e+01 2.420544501098817136e+01 1.737176394516100686e+01 1.845573764057807864e+01 2.289542142686251225e+01 2.725728023195172511e+01
8.897547790224518138e-01 1.029831761489258213e+02 7.060811791725348030e+01 4.232672969655025952e+01 2.457821777917733641e+01 1.698310240530645387e+01 1.786843343282322394e+01 2.185836513158245964e+01 2.554695052988745374e+01
9.202467128913202066e-01 9.542456740774579771e+01 7.011071561454403422e+01 4.219156352556173317e+01 2.457830682939307110e+01 1.672735678866963838e+01 1.696179450512973119e+01 2.072568662525603145e+01 2.481210797337649865e+01
9.507708260947468348e-01 9.528459485328329492e+01 6.765233126232848804e+01 4.123020433574181709e+01 2.453466691436877056e+01 1.644648116680544092e+01 1.611211216580393568e+01 1.976309055866484243e+01 2.367953783729537065e+01
9.811824134809713494e-01 9.517121085440928141e+01 6.679715991617885607e+01 4.204879513552860715e+01 2.475574268845079473e+01 1.653309712734674974e+01 1.601096338964043753e+01 1.935777966958951879e+01 2.299930654515637229e+01
1.011684233737050631e+00 9.205917841860438955e+01 6.673104332183595488e+01 4.105524759676713131e+01 2.417381897703873506e+01 1.613889709717616938e+01 1.562571909005883697e+01 1.913827456311030062e+01 2.266003813935441258e+01
1.042628239386285571e+00 8.600630172700304854e+01 6.226813176950506801e+01 3.992953540329962436e+01 2.414968386003644696e+01 1.668229600870375862e+01 1.561942103839061247e+01 1.876222307717866045e+01 2.230571378218844814e+01
1.073331435463907635e+00 8.726391076525314361e+01 6.247797569460274048e+01 4.038548371777717705e+01 2.400407718844843430e+01 1.591929571433955459e+01 1.551395169032576860e+01 1.845664821543704193e+01 2.173009744292924950e+01
1.103867762619399784e+00 8.467969665542261737e+01 6.108456471276796407e+01 3.930400171001267040e+01 2.331363807523894138e+01 1.606175252920581897e+01 1.476158775393714961e+01 1.764498611508510351e+01 2.060684643749289080e+01
1.134626130353352247e+00 8.407681985709987771e+01 5.934910796697110413e+01 3.844716456724991360e+01 2.312965532241071287e+01 1.557979186603357391e+01 1.432526787246058575e+01 1.697260741629352765e+01 1.982734783049114924e+01
1.165311988898753093e+00 8.155914354986269643e+01 5.774921143253119027e+01 3.838640509445160376e+01 2.279309473827267141e+01 1.512875453732027609e+01 1.394240621469798214e+01 1.632252684598724102e+01 1.931514832588376152e+01
1.195715707346598267e+00 8.048315978759401901e+01 5.807130774775647097e+01 3.781707363504887098e+01 2.258204462792542699e+01 1.575317583536708810e+01 1.385182818469888844e+01 1.617651947553726188e+01 1.869931128852844893e+01
1.226212548398919688e+00 7.916846816268171949e+01 5.596713425496092498e+01 3.727347750137656135e+01 2.253707659325360169e+01 1.525858665645495194e+01 1.374787888228163979e+01 1.585486869320622105e+01 1.837963357877118398e+01
1.257106686460944145e+00 7.843070903459668841e+01 5.654283275788437635e+01 3.722107160212881638e+01 2.240109568275354945e+01 1.486537828065721101e+01 1.329325748495523385e+01 1.540964211593302480e+01 1.790367517934889463e+01
1.287903713871683342e+00 7.470972536940070086e+01 5.542441626120734099e+01 3.682806375378122254e+01 2.237055728346618366e+01 1.485078427372081933e+01 1.301886625072619097e+01 1.487760804567506767e+01 1.731460204042623729e+01
1.318485984350244555e+00 7.546350347716872875e+01 5.471084613334328850e+01 3.516600348269903265e+01 2.147968267906547624e+01 1.458526674656052080e+01 1.287247844161612420e+01 1.464478877857214911e+01 1.701720822412124789e+01
1.349079741097638951e+00 7.604247393303766955e+01 5.339902498802877773e+01 3.596774052196469285e+01 2.192954689562931492e+01 1.448881079443252418e+01 1.258916265875929241e+01 1.415148792030920788e+01 1.636062038826227649e+01
1.379852115836864179e+00 7.251697410452840131e+01 5.164453810440809889e+01 3.478701414625858490e+01 2.154848317960423287e+01 1.448195608385766775e+01 1.220659563002047321e+01 1.400536483587671910e+01 1.613331402393186664e+01
1.410480271492848603e+00 7.156864852487547068e+01 5.248223519388137248e+01 3.467763500851435765e+01 2.176746744162157654e+01 1.434732961057535761e+01 1.193112806881600818e+01 1.331725219342074240e+01 1.551239023876593848e+01
1.440742121057961844e+00 7.095809873775735355e+01 5.126533647992059883e+01 3.452149319167542529e+01 2.152330710549935588e+01 1.450483086136581790e+01 1.178103220315027500e+01 1.339712404732470219e+01 1.546069575120814932e+01
1.471255328062518464e+00 6.995187915646565102e+01 5.074233747197556710e+01 3.421204646660075355e+01 2.110897302516528384e+01 1.422876199639424044e+01 1.167739530130783976e+01 1.290961281445625985e+01 1.494564967628662799e+01
1.502136776490360148e+00 6.889161210046863459e+01 4.993828900123067172e+01 3.347299963658961275e+01 2.083776683911661110e+01 1.421128941486740871e+01 1.163068307258811274e+01 1.291449935399847249e+01 1.490355757283154503e+01
1.533052769945711935e+00 6.808769558946863754e+01 4.818017137132754613e+01 3.296258191443801167e+01 2.113714280610125229e+01 1.401735970625244931e+01 1.129152153168791273e+01 1.234676967903045153e+01 1.428681355237803530e+01
1.563639445999795985e+00 6.551520117694812484e+01 4.859813082594557443e+01 3.297967952895695021e+01 2.069602488208612101e+01 1.390935026724599766e+01 1.111331964292477181e+01 1.228401826550442877e+01 1.401839943496998586e+01
1.594207731052036614e+00 6.604498205095512731e+01 4.717380153801341436e+01 3.243243177739780236e+01 2.059944299115885968e+01 1.396580229543901908e+01 1.099786010619941834e+01 1.196023657063418000e+01 1.379364257701979568e+01
1.624993062432246616e+00 6.368967351762579909e+01 4.673841224378978154e+01 3.218957964131001859e+01 2.047042573026275392e+01 1.383254059032037731e+01 1.071100861135461457e+01 1.162440693940907721e+01 1.327322444842287297e+01
1.655631358225507777e+00 6.490803573012331640e+01 4.706294576763495741e+01 3.189013525334099342e+01 2.013185999869960341e+01 1.363518312244817565e+01 1.064037328795551929e+01 1.159977583765505216e+01 1.328473758410990513e+01
1.686043516983810608e+00 6.432407239112454533e+01 4.569796529907168292e+01 3.186060212564669314e+01 2.006640390670573026e+01 1.359368607691557429e+01 1.057521084197368566e+01 1.139532396820542459e+01 1.302409331587902130e+01
1.716490568499192015e+00 6.274588098024630511e+01 4.592792514695636896e+01 3.121475056860855091e+01 1.994187157525635001e+01 1.340888543637912989e+01 1.045837108161954632e+01 1.118399108260621944e+01 1.264760994740959177e+01
1.747331576057745028e+00 6.319306415429225154e+01 4.540176372634236657e+01 3.061495619022529269e+01 1.988627335384875039e+01 1.334146921000399288e+01 1.023087349019522208e+01 1.076341346631176066e+01 1.239806192918974048e+01
1.778105132602360916e+00 6.173205683324795245e+01 4.479460105871510223e+01 3.091027878041327170e+01 1.976826307104857960e+01 1.336339381676095428e+01 1.004029319175274537e+01 1.066474953885254706e+01 1.213699492709803707e+01
1.808603995201038872e+00 6.222971479111801330e+01 4.489377680794508052e+01 3.044732508391592773e+01 1.951036213883210735e+01 1.309241307228256801e+01 1.002396330106508060e+01 1.058123578992211833e+01 1.208364593775998586e+01
1.839287008891131281e+00 6.121895898881425779e+01 4.435476234942866824e+01 3.049710645518372587e+01 1.913345693923207591e+01 1.300098806026265663e+01 9.745313570874508002e+00 1.030817022175722286e+01 1.190287768806285129e+01
1.870041850838463082e+00 6.019094999279344194e+01 4.365241004875727526e+01 2.982429987310607800e+01 1.901009271955925328e+01 1.305809738689119825e+01 9.551435234923737028e+00 1.007403544090814052e+01 1.146669963518312230e+01
1.900737108467153380e+00 5.936104118360692894e+01 4.265195430175788260e+01 2.973081767881221538e+01 1.917267587724784761e+01 1.297176471741474302e+01 9.495807752130474455e+00 9.951494463387604128e+00 1.128251980671524990e+01
1.931106001476532219e+00 5.897185968767743702e+01 4.250405896665998284e+01 2.927628572168396914e+01 1.914172900502246932e+01 1.294348824909845064e+01 9.510083588741792937e+00 9.793531623635040262e+00 1.108628888542013513e+01
1.961523664040659254e+00 5.882403804731682584e+01 4.261569685657075013e+01 2.945731529863254394e+01 1.890002626914310468e+01 1.286976065221064403e+01 9.310934042068538474e+00 9.505511856717575370e+00 1.086981283270329612e+01
1.992455931462693286e+00 5.900181999340189520e+01 4.145505997328001513e+01 2.913472979777401406e+01 1.880156100956036624e+01 1.267110486553431770e+01 9.367875562167228054e+00 9.586426024887728659e+00 1.076268577641657131e+01
2.023265084650737844e+00 5.778659150273165324e+01 4.142850359954752548e+01 2.869475468225538606e+01 1.847890095562308943e+01 1.268535215433150398e+01 9.312675376923174042e+00 9.446564826874116250e+00 1.063218261445868151e+01
2.053922565857694948e+00 5.710816003953921438e+01 4.123449833852939861e+01 2.842880090091328071e+01 1.846593301768763240e+01 1.266556469720629963e+01 9.084166258754073908e+00 9.205187187869967147e+00 1.042279857365173612e+01
2.084529509180535367e+00 5.729992144084877737e+01 4.093241563401772964e+01 2.831935878691405861e+01 1.841893407980296615e+01 1.254965548571167488e+01 8.962035468759573575e+00 9.073187707359561927e+00 1.020888260228669253e+01
2.115224804632997113e+00 5.662844107594602860e+01 4.089956980707998468e+01 2.807860584167630691e+01 1.829892096472538299e+01 1.248957496096954145e+01 8.818737577377177672e+00 8.909545935915371473e+00 1.007470879589771684e+01
2.145940922905494208e+00 5.659256718771653283e+01 4.038325433643035467e+01 2.774394168751705791e+01 1.823138629683728595e+01 1.247578304852395803e+01 8.858347652217950952e+00 8.751974454504036771e+00 9.847826928682994918e+00
2.176332495573402692e+00 5.568211240570069975e+01 3.984019956163765386e+01 2.787551553578373387e+01 1.810596962981184532e+01 1.238918450906860613e+01 8.726688257331318255e+00 8.647915592378698335e+00 9.689698832472977585e+00
2.206919809644958264e+00 5.564254630029174820e+01 3.930858937365366046e+01 2.753178949379619667e+01 1.798085017784791972e+01 1.234758932349695471e+01 8.607119717758088484e+00 8.570416603294304991e+00 9.480524038611633841e+00
2.237635089694475887e+00 5.471359241741456003e+01 3.980389229885847158e+01 2.747725918556653113e+01 1.783712676199625946e+01 1.217158580801274326e+01 8.657044982072129358e+00 8.466278688627276949e+00 9.421849520223137375e+00
2.268416342268291253e+00 5.460720628949876954e+01 3.930538574688343090e+01 2.713938281821721432e+01 1.799736036553844087e+01 1.224922508596795723e+01 8.543110609277491108e+00 8.316946811641056314e+00 9.278747832410282115e+00
2.299091733309241548e+00 5.427901173586229078e+01 3.902030846394363550e+01 2.711118527047160853e+01 1.769521080647758282e+01 1.220314386877365820e+01 8.363244075691241619e+00 8.232245894229190952e+00 9.195501222114561557e+00
2.329659195619862899e+00 5.376253046773864241e+01 3.875345925726240637e+01 2.688231936388145016e+01 1.763398686790463188e+01 1.214448842229263903e+01 8.354215922129498040e+00 8.037771380353444073e+00 8.842331837645829751e+00
2.360394728026200983e+00 5.398156948111411424e+01 3.874506226985685231e+01 2.682162372389437621e+01 1.755164027046023989e+01 1.205743141937053764e+01 8.299590017910915662e+00 7.993038715259789484e+00 8.885703035743524936e+00
2.390975209984731897e+00 5.339196252904818607e+01 3.822067735137002842e+01 2.664899290560464351e+01 1.766093706375657035e+01 1.217701119530025977e+01 8.285432987999051591e+00 7.905747979966843531e+00 8.730955009520840804e+00
2.421460084823417347e+00 5.367737019766692441e+01 3.792344414150466037e+01 2.642230443827725850e+01 1.725407788368788431e+01 1.207672218953172205e+01 8.169608550991462437e+00 7.805684654352049279e+00 8.637689676888800960e+00
2.452028845525243916e+00 5.300787715852558790e+01 3.738283084087964880e+01 2.629913616726098269e+01 1.727861772905750826e+01 1.206745295251084116e+01 8.057784399504974715e+00 7.717628937679066325e+00 8.520181604127273545e+00
2.482752898478116421e+00 5.315430141936772657e+01 3.787104760370624490e+01 2.622926658965280922e+01 1.711199860154999897e+01 1.198886036926273135e+01 8.009423773566872740e+00 7.634967058596409117e+00 8.382560162968758277e+00
2.513535298589941291e+00 5.290446964247981754e+01 3.726570910604009157e+01 2.590941542328182123e+01 1.709971438757126094e+01 1.186847044585213951e+01 7.933748807531905811e+00 7.477755330774211728e+00 8.251295268072997402e+00
2.544225240617083550e+00 5.223258914519930585e+01 3.672279088477122855e+01 2.578593598316147961e+01 1.711915236510898097e+01 1.176504764310946882e+01 7.949468269094872142e+00 7.458898369579937793e+00 8.225281124859186832e+00
2.574773872632026173e+00 5.217265873320143754e+01 3.715392571016454326e+01 2.592922870801021418e+01 1.722685726972969888e+01 1.189961465399485974e+01 7.838877533206954240e+00 7.271710321982190806e+00 8.048945624590366776e+00
2.605444086499439038e+00 5.227948792325147309e+01 3.667099402070121528e+01 2.579024623409036110e+01 1.719335015474728579e+01 1.187720312730643712e+01 7.851328724456152486e+00 7.260968476084979528e+00 7.994921999828427772e+00
2.636246018275695491e+00 5.180571099290006032e+01 3.683213506845606844e+01 2.565687149940657719e+01 1.686375598744285043e+01 1.183256969943295900e+01 7.751080482591163445e+00 7.180558004724659327e+00 7.859429202028781702e+00
2.666818020741943851e+00 5.182737628142075437e+01 3.629986419124008989e+01 2.546309743046226970e+01 1.706892792100396861e+01 1.179746686575747106e+01 7.719894199850450889e+00 7.097851478933112190e+00 7.776327742685861466e+00
2.697363623869414972e+00 5.164418934122104332e+01 3.621425843975454484e+01 2.552987502517969176e+01 1.684374056054191016e+01 1.176822370781821547e+01 7.682880863137739880e+00 7.048780377397179109e+00 7.706290743812587607e+00
2.728019611411449219e+00 5.168139051145800522e+01 3.645776168474439771e+01 2.537792278857416761e+01 1.669137201659987113e+01 1.160641354212391718e+01 7.648128921306934558e+00 6.941978950658249659e+00 7.627278177566953588e+00
2.758802870944620178e+00 5.131612058692913081e+01 3.595552686074491078e+01 2.501241753066477003e+01 1.671621010920082284e+01 1.147146519612328319e+01 7.600383584946044380e+00 6.924330732465303839e+00 7.524785000637187693e+00
2.789534232225148624e+00 5.135563199427110703e+01 3.599945122588540869e+01 2.503329118429898159e+01 1.660013913416381826e+01 1.154524899212455580e+01 7.527275787421224607e+00 6.835357165748096264e+00 7.410189965821793123e+00
2.820110461200413088e+00 5.146069481964540415e+01 3.601032607013542730e+01 2.509881898015791535e+01 1.649084581956704199e+01 1.150257543407865768e+01 7.541408077976555546e+00 6.798475710571302955e+00 7.420130485570950896e+00
2.850758467842013477e+00 5.082241149151344928e+01 3.585903116601198093e+01 2.501708256157834853e+01 1.660250375819214241e+01 1.152555066703132525e+01 7.450157231421535187e+00 6.706961989033050742e+00 7.281699797102913152e+00
2.881313523617817118e+00 5.120614389782716813e+01 3.572564803534129396e+01 2.490096727987588565e+01 1.655499516744326627e+01 1.153672233886052112e+01 7.454100779539949428e+00 6.655219219673274011e+00 7.192494126063223803e+00
2.911785436732373444e+00 5.090908712679652837e+01 3.542851611798175782e+01 2.516032585025190826e+01 1.645272620933109664e+01 1.150313051967860645e+01 7.446199447746579381e+00 6.564046812059462610e+00 7.102272758948124931e+00
2.942296873948152314e+00 5.093426203587205947e+01 3.556615950270857240e+01 2.475470564903155690e+01 1.620113919939858249e+01 1.152384885529139780e+01 7.346079992528029123e+00 6.561461967037192977e+00 7.099021396234693526e+00
2.973018612884197331e+00 5.050721627441205186e+01 3.542826751190567336e+01 2.464780803120175534e+01 1.639343445694024837e+01 1.150222225107874152e+01 7.303681918821009589e+00 6.458658489209160081e+00 6.951551460562825469e+00
3.003960222727642293e+00 5.100734235595109567e+01 3.558711415009986467e+01 2.471238409632227473e+01 1.649314128346240693e+01 1.152159608383009015e+01 7.343328915275343149e+00 6.433460579896358666e+00 6.917014875487051739e+00
3.034645231944335553e+00 5.075737991632392720e+01 3.550273011506521925e+01 2.462476809361461960e+01 1.630495495167775033e+01 1.142380061220537613e+01 7.307551216592372612e+00 6.365531526113599625e+00 6.837802994404182044e+00
3.065200267638929610e+00 5.088920727311673886e+01 3.557518487393600992e+01 2.484131608170118710e+01 1.633382598998087332e+01 1.139270212287505046e+01 7.263781449683438751e+00 6.352325572604257786e+00 6.771765437667827570e+00
3.095834945808456418e+00 5.083031071610993479e+01 3.546749170747527558e+01 2.475393871448436300e+01 1.624756309781844976e+01 1.136589196998804141e+01 7.258617759356319254e+00 6.276606362439320463e+00 6.767106487079946220e+00
3.126534870635979679e+00 5.083633796867772503e+01 3.529034661957762609e+01 2.453303801319167121e+01 1.629674022752722351e+01 1.135092505204180213e+01 7.260359141779890280e+00 6.257509645127981912e+00 6.670898952893722367e+00
3.157254576549323843e+00 5.134249535131150566e+01 3.532971856147673151e+01 2.473854409580575009e+01 1.639028026524884751e+01 1.139852533793365552e+01 7.229611320473029679e+00 6.229202037000632686e+00 6.593779187030889943e+00
3.187691442714626344e+00 5.089662055533703011e+01 3.530265089181445148e+01 2.447939265066505499e+01 1.623693970336432812e+01 1.134612251935912042e+01 7.213356632110670574e+00 6.200837830078000934e+00 6.613403636988930856e+00
3.218359533180950471e+00 5.107816920118029458e+01 3.555224523772223222e+01 2.478036106212162082e+01 1.625502386551577416e+01 1.150490105312847078e+01 7.197943652545063742e+00 6.175447265152168796e+00 6.533841703113033361e+00
3.249147126285873988e+00 5.143970313383652382e+01 3.535500797142641005e+01 2.459213269560812876e+01 1.631851411826884402e+01 1.143134595519288865e+01 7.186620358294046440e+00 6.126813149093123911e+00 6.502889771177555289e+00
3.279708267707739378e+00 5.134245704490444240e+01 3.540960235715318305e+01 2.470802760367309503e+01 1.641607765636356220e+01 1.140302578488084606e+01 7.224456098053057218e+00 6.064648450784510203e+00 6.480984490544027921e+00
3.310282632154300853e+00 5.144399520372025592e+01 3.554757166179874162e+01 2.469986491755660296e+01 1.646331160851958941e+01 1.141394903230356306e+01 7.197548276335606232e+00 6.091483828665790412e+00 6.395318380994220675e+00
3.341041718675098693e+00 5.159099282436484657e+01 3.590047343140332714e+01 2.466552894657257866e+01 1.644111614094416751e+01 1.149236535238311063e+01 7.193296595097976365e+00 6.048251298956813571e+00 6.351099145901700993e+00
3.371829747667162813e+00 5.187923170793056471e+01 3.556119116188340001e+01 2.462849198618398816e+01 1.645005858555046530e+01 1.154564174276583088e+01 7.223201933666977936e+00 5.978318463893241841e+00 6.300531807811527329e+00
3.402297787356154846e+00 5.185397394610000532e+01 3.564125360330258729e+01 2.463644892190509950e+01 1.645389519111421350e+01 1.147752664738757744e+01 7.194870610123647481e+00 5.972579447060613944e+00 6.295421965100976180e+00
3.432832958011618363e+00 5.215402073472041167e+01 3.582631866748481286e+01 2.499559961898904703e+01 1.646403756403294238e+01 1.159638333144945932e+01 7.234568560701344353e+00 5.995162722536978350e+00 6.297304391714012795e+00
3.463520941391625474e+00 5.259732380278321529e+01 3.571849248221706574e+01 2.501941908614617915e+01 1.655028510979542489e+01 1.162061902114740519e+01 7.226644640948286735e+00 6.029669731467460991e+00 6.326053585866832307e+00
3.494268681864679316e+00 5.280115210035591389e+01 3.620914472404996332e+01 2.518281712222874091e+01 1.662840402775834292e+01 1.172314720728756043e+01 7.230468284359044873e+00 5.972923453406636440e+00 6.221442451452746880e+00
3.524882656063518027e+00 5.331663933267283539e+01 3.624441994786818810e+01 2.519615529796074327e+01 1.669013683725584229e+01 1.166341542025089950e+01 7.283923486651112000e+00 5.983546058335097229e+00 6.237730481233979773e+00
3.555471549307840373e+00 5.337080030683706866e+01 3.626851702894312268e+01 2.533124359342848209e+01 1.660718067588705082e+01 1.175521835712140728e+01 7.298592797691838996e+00 6.002656132987169713e+00 6.240229645107683965e+00
3.586282668127987350e+00 5.373871229750810130e+01 3.672338873187626263e+01 2.526763179230379563e+01 1.681075161045014710e+01 1.181048844597442837e+01 7.330987410538792659e+00 5.964006940090353481e+00 6.200402653876672332e+00
3.616919578699135496e+00 5.380698641660048054e+01 3.690417174449859061e+01 2.548352312622747462e+01 1.689798615440005847e+01 1.185167339295704636e+01 7.379378812165477086e+00 5.965232074901173576e+00 6.232162285170483429e+00
3.647368034652211044e+00 5.458656765619091544e+01 3.726431370255893682e+01 2.563376088166573652e+01 1.701953637266677077e+01 1.198599638270530221e+01 7.373226974629734087e+00 5.982320924140257290e+00 6.216656067735865321e+00
3.677992786099927081e+00 5.520330553083158520e+01 3.739115323033743721e+01 2.581392358004554666e+01 1.716279574440707734e+01 1.203714791661794692e+01 7.464546726361170670e+00 5.998033233130392716e+00 6.213863674670895065e+00
3.708738902049113051e+00 5.543008351040379011e+01 3.725164683465028759e+01 2.607510149156671275e+01 1.722517739046976004e+01 1.206939340853515574e+01 7.474553982095706317e+00 5.977157721316405770e+00 6.216599805359891207e+00
3.739459712114610479e+00 5.579045623423968436e+01 3.801475337526794362e+01 2.629589546207911610e+01 1.718817637790851194e+01 1.225063780159000970e+01 7.512189581156874851e+00 6.025437942506908229e+00 6.251372909301721847e+00
3.770116172833135604e+00 5.612980961093688848e+01 3.848309242166637745e+01 2.651946212472078912e+01 1.758222927414416858e+01 1.231342595331248901e+01 7.578493638150995082e+00 6.030686967454286673e+00 6.230432484479965893e+00
3.800728836828175083e+00 5.713586949433790352e+01 3.867449395050424954e+01 2.682316733509591700e+01 1.773627066727730295e+01 1.237515456564148764e+01 7.633794679464926958e+00 6.090860612764654292e+00 6.299934301655245150e+00
3.831471162457736224e+00 5.796020850558362270e+01 3.913057898274452384e+01 2.709257911671900132e+01 1.786449766867784206e+01 1.255062855505167363e+01 7.715611995946527912e+00 6.097095670151563951e+00 6.303990296199751597e+00
3.862151087390258031e+00 5.831468964299574509e+01 3.979932362899953802e+01 2.750240210244311356e+01 1.802112237583963150e+01 1.270751053344022097e+01 7.733926861568050981e+00 6.165961065739793412e+00 6.323913067672272348e+00
3.892653839410575412e+00 5.898550716875157462e+01 3.998754445790326884e+01 2.766012848649837963e+01 1.825529576497164186e+01 1.278481396688942340e+01 7.807748145703747866e+00 6.231610520397055097e+00 6.387032701231365905e+00
