# k, P_HI at z=[0.  0.5 1.  1.5 2.  3.  4.  5. ]
3.911336014668146538e-02 5.271210503472221717e+03 6.446158854166666060e+03 7.294216145833333030e+03 7.782727430555554747e+03 7.799429687500000000e+03 7.567419270833333030e+03 4.710850260416666060e+03 6.983622395833333030e+03
6.837341045179674837e-02 6.278099294354838094e+03 6.454550403225805894e+03 6.656789818548387302e+03 6.534061995967741495e+03 6.433288810483871202e+03 6.172057459677419502e+03 5.617659274193548299e+03 5.609137600806451701e+03
9.606098687770414646e-02 2.545227200255101707e+03 2.502374043367346530e+03 2.552964923469387486e+03 2.736815688775509898e+03 2.762981186224489647e+03 2.750136160714285325e+03 2.321690210459183618e+03 2.579441485969387486e+03
1.244554894311087484e-01 2.433225446428571558e+03 2.527995535714285779e+03 2.641868750000000091e+03 2.675632440476190823e+03 2.684380952380952749e+03 2.536150000000000091e+03 2.259349255952381100e+03 2.319854464285714585e+03
1.562393161228724792e-01 1.636384821428571513e+03 1.756246071428571440e+03 1.885141964285714266e+03 1.979702857142857056e+03 2.002351607142857119e+03 1.965127321428571349e+03 1.797927678571428487e+03 1.805643928571428660e+03
1.876351692279179806e-01 1.252870833333333394e+03 1.398673611111111086e+03 1.502714583333333394e+03 1.577870555555555484e+03 1.597900972222222208e+03 1.551528749999999945e+03 1.408675972222222299e+03 1.417056388888888932e+03
2.167467004139954079e-01 1.041952034883720899e+03 1.125891196013289118e+03 1.210495016611295796e+03 1.244926806478405297e+03 1.259639223421926999e+03 1.186499792358803916e+03 1.064851744186046517e+03 1.065841881229235923e+03
2.459661214370427174e-01 7.927568897637795544e+02 8.479160104986876831e+02 9.254690780839895297e+02 9.711644520997375594e+02 9.753005249343831338e+02 9.163467847769028367e+02 8.384876148293963070e+02 8.225046751968503713e+02
2.776061299072672961e-01 6.813343366900174942e+02 7.282451838879159141e+02 7.860507333625218962e+02 8.057630801225919868e+02 8.071262040280209931e+02 7.595615148861646730e+02 6.856509413309983074e+02 6.757543782837127537e+02
3.093581690788269056e-01 5.590990500000000338e+02 6.071482500000000755e+02 6.602125500000000784e+02 6.784092000000000553e+02 6.945369000000000597e+02 6.592566500000000360e+02 6.009603000000000748e+02 5.827205999999999904e+02
3.390238070438919005e-01 5.088764146090534837e+02 5.300282921810699008e+02 5.672525720164608174e+02 5.776378172153634978e+02 5.829555898491083781e+02 5.644701646090534268e+02 5.058526234567900701e+02 4.909723936899862338e+02
3.686891969995698681e-01 4.325055815876515908e+02 4.526099434950385785e+02 5.019928335170893092e+02 5.093221816427783892e+02 5.119395672546858123e+02 4.810674958654906277e+02 4.358920893054024077e+02 4.238306918412348523e+02
3.998179656305479446e-01 3.894945477502295716e+02 4.207758551423324320e+02 4.498674242424242493e+02 4.568467056932965988e+02 4.612456668962350932e+02 4.384359504132231109e+02 3.890376779155188274e+02 3.703352846648301124e+02
4.307427355964437710e-01 3.585372297838270583e+02 3.743498298638911024e+02 3.994109037229783326e+02 4.043007906325059935e+02 4.046755654523618659e+02 3.860829413530824468e+02 3.489074759807846249e+02 3.358417734187349879e+02
4.602541768259896804e-01 3.245225734172387888e+02 3.337387252097635724e+02 3.638525696033562440e+02 3.671772740274599869e+02 3.623266828756674727e+02 3.395439073226544906e+02 3.064027936689549847e+02 2.956942458047292348e+02
4.905365676919881124e-01 2.900186863391252245e+02 3.094684504194128181e+02 3.357250224685440685e+02 3.465954164170161675e+02 3.493125748951467813e+02 3.288895671060515156e+02 2.926245693529059508e+02 2.814655107849011415e+02
5.220186061784825027e-01 2.748020049704460348e+02 2.852795204191295397e+02 2.998845042987641136e+02 3.040151464266523362e+02 3.021338997850618284e+02 2.841643941429339293e+02 2.520334161740999548e+02 2.415677727028479467e+02
5.533037609619487762e-01 2.380963129496402928e+02 2.492093525179856215e+02 2.737522182254196537e+02 2.806769184652278000e+02 2.773598321342925601e+02 2.568310551558753332e+02 2.264967476019184573e+02 2.168052907673860830e+02
5.834579147456598891e-01 2.270410165213400830e+02 2.356018242312987638e+02 2.555221145020651647e+02 2.619109683340982428e+02 2.638217932537861543e+02 2.498099759063790657e+02 2.260712339375860438e+02 2.159106958467186814e+02
6.135626936602980308e-01 2.096147943980929540e+02 2.253945917759237147e+02 2.358822506952721483e+02 2.419047725466825511e+02 2.413179876837504878e+02 2.265684843067143390e+02 2.038661601112435449e+02 1.950790375446960638e+02
6.446289587863726078e-01 1.994466660833041658e+02 2.090868699684984335e+02 2.244093235911795432e+02 2.298208347917395713e+02 2.297945616030801546e+02 2.134635325516275657e+02 1.889715392019600984e+02 1.789602292614630699e+02
6.753962680632674687e-01 1.925356068204613678e+02 1.986804998328318277e+02 2.124956327315279054e+02 2.150000417920427935e+02 2.149220160481444282e+02 1.966177699765964348e+02 1.723975363590772361e+02 1.622802051989301049e+02
7.056079649701331169e-01 1.771213079369887851e+02 1.900025749772796075e+02 2.043610648288397442e+02 2.072183050590730033e+02 2.080969024538018743e+02 1.908498371705543661e+02 1.700368638291426748e+02 1.595194827325053097e+02
7.358702784166429867e-01 1.760503681626928483e+02 1.812182678821879449e+02 1.892620266479663371e+02 1.918681977559607503e+02 1.927084326788218789e+02 1.753432152875175518e+02 1.552519635343618631e+02 1.461957223001402610e+02
7.666965794854120331e-01 1.634374222056260919e+02 1.712135766741349130e+02 1.853588654468508707e+02 1.866715832710978304e+02 1.839741100323624607e+02 1.671904873039581787e+02 1.490267768235001142e+02 1.407068863579785898e+02
7.977642645371560981e-01 1.539587642342551703e+02 1.621308389495700624e+02 1.756354432953753246e+02 1.775095282361143347e+02 1.777075296304903418e+02 1.630219323727631888e+02 1.428543022310016397e+02 1.328282448291889466e+02
8.284170838636251144e-01 1.466637988087359190e+02 1.533693194352525779e+02 1.612765001103022087e+02 1.622389973527465088e+02 1.632551566291639062e+02 1.499038026693139045e+02 1.312334546657842509e+02 1.226060555923229600e+02
8.590304446229971580e-01 1.410233888777353854e+02 1.464881800843204189e+02 1.570066628187111064e+02 1.581327168239309344e+02 1.571420773940975835e+02 1.431990940574181934e+02 1.250202394097570817e+02 1.160490363380847185e+02
8.897547790224518138e-01 1.361033530805687235e+02 1.414663151658767788e+02 1.523959241706160981e+02 1.522928672985781873e+02 1.521338033175355520e+02 1.382242535545023543e+02 1.202768483412322240e+02 1.115963507109004667e+02
9.202467128913202066e-01 1.275352307144129753e+02 1.354567855870301116e+02 1.451775565651167028e+02 1.469086941029752325e+02 1.445007683057188785e+02 1.292644641902725766e+02 1.112719022804204485e+02 1.035357429182255515e+02
9.507708260947468348e-01 1.269570023052856982e+02 1.303715317800098887e+02 1.386334184093528847e+02 1.403853429112465108e+02 1.384321896097480646e+02 1.260772476535484969e+02 1.093134365223118749e+02 1.019666453976617788e+02
9.811824134809713494e-01 1.257944034586704873e+02 1.261260510867840878e+02 1.384794938917975742e+02 1.387634955576709501e+02 1.352828216722195975e+02 1.220219240837696475e+02 1.044481199428843468e+02 9.616265072187847807e+01
1.011684233737050631e+00 1.192857556875815135e+02 1.220639400086944022e+02 1.295167729314592009e+02 1.292495743370525929e+02 1.283148819011737487e+02 1.161860147080133316e+02 1.001934773945804977e+02 9.194334154470367082e+01
1.042628239386285571e+00 1.102854395418191586e+02 1.154026789345262216e+02 1.270022197370204537e+02 1.298823115765216016e+02 1.284074657719940262e+02 1.146515605937372868e+02 9.777896672088924390e+01 8.969998813880980038e+01
1.073331435463907635e+00 1.118968507305515203e+02 1.173548111096485371e+02 1.232720893115703404e+02 1.245739765696985586e+02 1.211794540608134696e+02 1.088607015927339603e+02 9.294124325391601360e+01 8.560399664341186110e+01
1.103867762619399784e+00 1.072874756898018802e+02 1.096929697945788291e+02 1.197721146833596748e+02 1.199291357724565472e+02 1.168765725659414159e+02 1.047023823994165639e+02 8.901379603743770019e+01 8.130716695028564800e+01
1.134626130353352247e+00 1.060585140492013494e+02 1.081012446076716742e+02 1.152726550658738489e+02 1.165612976565232515e+02 1.135794858342077589e+02 1.017159117407018698e+02 8.578281304651976313e+01 7.723363355485601289e+01
1.165311988898753093e+00 1.023752189860943815e+02 1.034580710062410986e+02 1.129549641410270482e+02 1.125751122303733780e+02 1.107389617321800017e+02 9.680181758458337526e+01 8.216037994087375296e+01 7.559109137194788275e+01
1.195715707346598267e+00 1.008877933333333345e+02 1.037627800000000065e+02 1.105836266666666603e+02 1.098945866666666689e+02 1.065324399999999940e+02 9.443670000000000186e+01 7.939694666666666478e+01 7.182822666666666578e+01
1.226212548398919688e+00 9.793780270831273072e+01 9.872845211030937662e+01 1.073839329840861865e+02 1.083285929623406076e+02 1.044579050113670036e+02 9.240265147771077636e+01 7.796045641000296200e+01 7.107247701887911262e+01
1.257106686460944145e+00 9.672883449883450169e+01 9.939906759906759248e+01 1.051417482517482540e+02 1.028424242424242436e+02 1.003639860139860076e+02 8.916030885780885740e+01 7.476202797202796546e+01 6.762791375291375573e+01
1.287903713871683342e+00 9.269005555049631084e+01 9.675716009470905021e+01 1.042436253528822476e+02 1.021501001730261322e+02 9.867769328840725507e+01 8.595030621072761789e+01 7.222308988252436279e+01 6.541802317639559305e+01
1.318485984350244555e+00 9.202837567129827789e+01 9.426050635069474026e+01 9.904609581450857547e+01 9.769243883726878153e+01 9.605338419572073860e+01 8.386136092404740339e+01 7.057991113289574514e+01 6.386532478049612394e+01
1.349079741097638951e+00 9.225648864487148160e+01 9.111123242658680965e+01 9.750326511937443286e+01 9.667751227019383009e+01 9.532383953082106132e+01 8.375234485483737501e+01 6.870550494967140764e+01 6.111305735795691163e+01
1.379852115836864179e+00 8.900369999229168627e+01 8.983367378401294445e+01 9.585409118939335826e+01 9.444207199568333522e+01 9.128034186387111504e+01 7.984074616511215083e+01 6.615391100747706332e+01 5.917824520157249424e+01
1.410480271492848603e+00 8.738508882762846497e+01 8.894855080787196755e+01 9.290422314112872471e+01 9.341120108737270300e+01 8.996871889118615684e+01 7.653651696148250494e+01 6.307065529519871916e+01 5.682483344819664950e+01
1.440742121057961844e+00 8.522236057587434743e+01 8.657730131607648616e+01 9.258094597542354620e+01 9.124010215952883129e+01 8.824628262924451860e+01 7.623315822002471975e+01 6.326201556024140160e+01 5.664461390242128402e+01
1.471255328062518464e+00 8.418501857840776381e+01 8.553871361728479883e+01 9.039476536159087061e+01 8.846347106585014330e+01 8.561505711140164010e+01 7.371913920044038093e+01 6.126617869675910555e+01 5.473094853092960932e+01
1.502136776490360148e+00 8.326113300492610847e+01 8.402010673234811122e+01 9.003953201970443843e+01 8.737068965517241281e+01 8.427445812807881964e+01 7.202166666666666117e+01 5.981311576354679715e+01 5.339948686371100450e+01
1.533052769945711935e+00 8.267884033772288888e+01 8.171087990674816126e+01 8.734691418310124789e+01 8.619110327011530615e+01 8.275381986012223479e+01 7.150636380820364479e+01 5.856151156196836638e+01 5.219933762837879954e+01
1.563639445999795985e+00 7.914303100775194366e+01 8.129627906976743645e+01 8.599970542635658433e+01 8.415553488372093227e+01 8.121637209302325289e+01 6.917289922480620135e+01 5.678628294573643132e+01 5.051653488372092937e+01
1.594207731052036614e+00 7.909455474452555279e+01 7.907158394160583725e+01 8.512193430656934368e+01 8.339417518248176009e+01 8.016881751824817570e+01 6.833962773722628015e+01 5.527435766423357677e+01 4.902418613138686254e+01
1.624993062432246616e+00 7.647085660292209752e+01 7.722983302307214615e+01 8.252733824110114824e+01 8.055177836069273667e+01 7.841992440909346840e+01 6.624898459976307663e+01 5.380132354600327460e+01 4.776703968522592447e+01
1.655631358225507777e+00 7.709597491354229248e+01 7.805774825712246923e+01 8.176460174562221539e+01 7.980542899489488207e+01 7.652631470604380581e+01 6.480338420156996904e+01 5.331038315858813093e+01 4.730521285063402104e+01
1.686043516983810608e+00 7.621479751605541253e+01 7.512588238416219610e+01 8.047802664402101414e+01 7.832223608088742139e+01 7.501949869964438733e+01 6.463270925110131770e+01 5.248192771084337238e+01 4.595998420996762235e+01
1.716490568499192015e+00 7.455581640962996914e+01 7.511959204967679682e+01 7.939564564564564364e+01 7.810178398737720329e+01 7.394237669873263030e+01 6.283148826792894681e+01 5.160863935969868521e+01 4.538910520690181727e+01
1.747331576057745028e+00 7.455002293245787826e+01 7.334421015787187059e+01 7.767400304156809909e+01 7.574395910780670249e+01 7.302717496258388508e+01 6.154818230097041010e+01 4.975482185101144239e+01 4.387967399700671223e+01
1.778105132602360916e+00 7.365825726239718563e+01 7.283263799743259881e+01 7.777446750344697080e+01 7.564150382731897082e+01 7.193517329910140745e+01 6.103026196928635727e+01 4.899233050444539828e+01 4.281274960775923688e+01
1.808603995201038872e+00 7.337249367670729328e+01 7.205703610025292960e+01 7.596162911014026520e+01 7.541660726603817011e+01 7.094549321683145138e+01 5.926391699241204947e+01 4.790006610715106916e+01 4.182875373649115147e+01
1.839287008891131281e+00 7.174158133123277992e+01 7.161021399501116491e+01 7.583223381908888427e+01 7.262371996849154243e+01 6.908287383484311306e+01 5.805587829854273707e+01 4.701683186731434461e+01 4.128596122707978111e+01
1.870041850838463082e+00 7.082923939614873632e+01 7.097562936912981968e+01 7.455382875155466138e+01 7.233346378179011538e+01 6.765078590727796382e+01 5.767012265728867959e+01 4.642744564051979950e+01 4.041860284341896659e+01
1.900737108467153380e+00 6.989022016723647823e+01 6.903190777278905443e+01 7.370009679943980530e+01 7.183259360711784325e+01 6.805801272809655700e+01 5.674782716151089801e+01 4.549403241751451787e+01 3.953663446883881960e+01
1.931106001476532219e+00 6.943674033149170555e+01 6.840349396357683531e+01 7.298991201145896923e+01 7.043597298956414932e+01 6.626040004092489255e+01 5.560985778596275253e+01 4.458202885205647448e+01 3.905179302230406790e+01
1.961523664040659254e+00 6.887809869263296036e+01 6.821192342010319010e+01 7.225679869651239073e+01 6.899072331923807155e+01 6.622542382744306622e+01 5.512142607751095369e+01 4.407885906040267798e+01 3.813592301276331398e+01
1.992455931462693286e+00 6.916399981512294914e+01 6.666163801072286788e+01 7.106324644111666089e+01 6.921257163985949035e+01 6.597583656868182800e+01 5.432475041597337651e+01 4.314365871695322596e+01 3.739789933444259873e+01
2.023265084650737844e+00 6.769353665721544644e+01 6.672218488787420654e+01 6.954103453989762329e+01 6.750368689472327333e+01 6.426178333394705078e+01 5.324621184225060944e+01 4.230760485326066345e+01 3.673478523032735410e+01
2.053922565857694948e+00 6.703222192936215151e+01 6.599652082235108708e+01 6.944868212967844556e+01 6.740568441398700372e+01 6.377195132665612221e+01 5.302542611140397355e+01 4.215988842031277528e+01 3.600687269372694033e+01
2.084529509180535367e+00 6.683062958839289536e+01 6.559737396054417502e+01 6.884656936084338952e+01 6.710135346717233062e+01 6.294308653143593091e+01 5.181217598552590431e+01 4.084589958595734061e+01 3.510863183257367837e+01
2.115224804632997113e+00 6.620731204433741368e+01 6.518956800712565780e+01 6.835151997492823739e+01 6.564782024214032674e+01 6.161718157226272297e+01 5.129535595289149796e+01 4.035888892554349638e+01 3.483224194240094818e+01
2.145940922905494208e+00 6.584195176943437389e+01 6.404339852302062752e+01 6.701765758258994765e+01 6.495324396301016634e+01 6.141662990556481816e+01 5.038218475312878297e+01 3.937867611018528180e+01 3.378005628533150428e+01
2.176332495573402692e+00 6.516049224868147860e+01 6.361262186351287085e+01 6.699992408502477304e+01 6.415176202653029236e+01 6.082362553939587713e+01 5.012543151670129760e+01 3.934030286079590866e+01 3.345463081348889034e+01
2.206919809644958264e+00 6.508664993153811906e+01 6.298439829605963780e+01 6.567046249809828851e+01 6.376851513768446722e+01 6.024151072569603116e+01 4.913429560322531842e+01 3.839271261220142861e+01 3.281321694812110223e+01
2.237635089694475887e+00 6.344857241399994052e+01 6.339197882614041646e+01 6.593211468674084585e+01 6.312757550310409727e+01 5.926779608913415132e+01 4.822919353387517560e+01 3.780339951414089938e+01 3.248727618990492516e+01
2.268416342268291253e+00 6.318986914976039770e+01 6.213978880312204467e+01 6.502050274039427791e+01 6.280499440443054482e+01 5.892110964446612797e+01 4.790666518407989116e+01 3.704079385348216391e+01 3.163860871187121759e+01
2.299091733309241548e+00 6.295897952189186952e+01 6.191945848684774489e+01 6.501276668665924774e+01 6.188429297689430086e+01 5.801828606517579345e+01 4.749114614571730897e+01 3.711697797960757583e+01 3.165854468340330996e+01
2.329659195619862899e+00 6.243793473180656406e+01 6.153525967063481517e+01 6.465470953729415271e+01 6.107934456877354279e+01 5.741473070684298818e+01 4.707152626948560936e+01 3.628494693866329612e+01 3.056361518159074109e+01
2.360394728026200983e+00 6.244153651047924569e+01 6.121678013616340053e+01 6.419669603524229728e+01 6.056901615271659267e+01 5.631380323054332138e+01 4.578749833133093006e+01 3.586766786810839847e+01 3.048475503938059106e+01
2.390975209984731897e+00 6.204918649797945562e+01 6.056117772906156915e+01 6.299772193021843236e+01 6.026273738147434500e+01 5.686574575420618061e+01 4.597591849132352593e+01 3.519052587094899565e+01 2.968388315152795798e+01
2.421460084823417347e+00 6.195221873484906894e+01 6.042221669345990165e+01 6.213940774196841232e+01 5.984072061037536372e+01 5.635015565592385656e+01 4.519701319247748472e+01 3.501194850595830843e+01 2.958126004746230109e+01
2.452028845525243916e+00 6.150464825690365700e+01 5.941585030613519791e+01 6.225317380982131255e+01 5.925759715106834591e+01 5.567735849056603570e+01 4.476708109458952833e+01 3.472265400474822172e+01 2.931049918780457375e+01
2.482752898478116421e+00 6.148701704613757357e+01 6.004064986896833744e+01 6.213337580842930663e+01 5.836603515014545707e+01 5.455352463154858356e+01 4.395270538311735464e+01 3.378836883610222941e+01 2.849739138797393778e+01
2.513535298589941291e+00 6.113759360309923352e+01 5.898196442491672542e+01 6.152582500649611319e+01 5.836873124985235961e+01 5.441516074929723601e+01 4.418829872676162296e+01 3.426127666359577262e+01 2.863088488885739125e+01
2.544225240617083550e+00 6.052757493125043453e+01 5.834860652138747383e+01 6.047269660065168040e+01 5.824508931666397160e+01 5.418691216231830765e+01 4.331436461534906357e+01 3.340315265870172823e+01 2.806359912647609534e+01
2.574773872632026173e+00 6.043742483037193125e+01 5.893449179658247061e+01 6.117957882315564433e+01 5.757353575237706167e+01 5.348063176526652285e+01 4.324450836226654360e+01 3.318749007193591183e+01 2.786474572809585126e+01
2.605444086499439038e+00 6.038638598177805505e+01 5.785880727129715950e+01 6.066179619393038536e+01 5.731400620507329791e+01 5.378283335882365179e+01 4.295205269942537285e+01 3.301830933601345919e+01 2.764285870348926011e+01
2.636246018275695491e+00 5.970135712598509059e+01 5.813479460585367775e+01 5.996528806716914062e+01 5.650424638708152969e+01 5.338726405978225387e+01 4.240192241619961777e+01 3.229745646245356028e+01 2.688722648113551728e+01
2.666818020741943851e+00 5.994228285950168811e+01 5.735464340904761116e+01 5.964252524397214472e+01 5.699616312792396400e+01 5.336696902982705382e+01 4.187262378543152863e+01 3.191969029827049908e+01 2.663941076229387050e+01
2.697363623869414972e+00 5.955794456894957278e+01 5.726117462014516235e+01 5.954809609967720263e+01 5.647485967473323143e+01 5.262049982523593883e+01 4.139140983202089075e+01 3.162750323827538779e+01 2.648120001233628784e+01
2.728019611411449219e+00 5.968928678904605079e+01 5.717316180158491790e+01 5.935387200320995760e+01 5.599424716621527409e+01 5.197698866486107505e+01 4.129428729060086312e+01 3.135306951549804566e+01 2.602826512187782271e+01
2.758802870944620178e+00 5.920401111219417345e+01 5.665758358514475646e+01 5.859304513110439672e+01 5.521511355882640260e+01 5.179860122818988799e+01 4.095478116775514366e+01 3.105933814211911681e+01 2.560915537576762091e+01
2.789534232225148624e+00 5.895623012431338594e+01 5.624941697985930489e+01 5.809578876361183575e+01 5.507134046448877740e+01 5.099296521152549388e+01 4.063097234268093416e+01 3.073640503035559490e+01 2.546040040474125732e+01
2.820110461200413088e+00 5.962795967878434311e+01 5.659471912436762864e+01 5.813308446015835074e+01 5.504802719425271817e+01 5.131038779079607792e+01 4.044547984879543634e+01 3.062048172944915692e+01 2.534396216124724788e+01
2.850758467842013477e+00 5.847296537873343425e+01 5.632659886131224880e+01 5.788080168776370726e+01 5.422112284192876785e+01 5.076712177325741493e+01 3.998604278370460463e+01 3.034341661599690454e+01 2.497693604554750735e+01
2.881313523617817118e+00 5.876750717988548445e+01 5.637868702924335906e+01 5.806972165525711915e+01 5.450015353214240577e+01 5.104909416035980740e+01 3.985828080125715900e+01 3.009429131369326171e+01 2.469408269060564010e+01
2.911785436732373444e+00 5.867651038977226818e+01 5.561387795801357470e+01 5.794627499510336577e+01 5.454637559872509911e+01 5.013016595146098098e+01 3.971610192126208716e+01 2.973783630989477089e+01 2.449647664749559439e+01
2.942296873948152314e+00 5.860462507550263211e+01 5.562295280006902942e+01 5.753518854085771039e+01 5.410921563551644198e+01 5.045834843385969748e+01 3.926351281387523073e+01 2.931579946500992406e+01 2.436752523945120430e+01
2.973018612884197331e+00 5.791394001650303380e+01 5.556313254635164611e+01 5.727198440631156728e+01 5.386363521546569899e+01 5.014192614047791352e+01 3.925080831214319943e+01 2.921863369988043502e+01 2.387300658437599665e+01
3.003960222727642293e+00 5.852097744852736838e+01 5.546832327593255485e+01 5.717447137320316131e+01 5.396778361052511030e+01 5.005359041030924061e+01 3.900454218384601290e+01 2.913557866849825828e+01 2.380254174230159236e+01
3.034645231944335553e+00 5.843920468506839683e+01 5.523007617331477093e+01 5.749004422966664407e+01 5.366916618887706392e+01 5.007812679171103554e+01 3.832424850520108350e+01 2.880383119010566162e+01 2.354722950282578608e+01
3.065200267638929610e+00 5.814607344408234724e+01 5.573685716556712322e+01 5.745976075033781427e+01 5.372221604006040963e+01 4.965334234162626359e+01 3.836738335585406645e+01 2.876917574119704213e+01 2.333105873936888841e+01
3.095834945808456418e+00 5.836539121616350201e+01 5.585713004134487392e+01 5.732091036742335177e+01 5.349274124346672465e+01 4.929765972384740991e+01 3.855546844527653860e+01 2.838867111319135361e+01 2.323422653873156918e+01
3.126534870635979679e+00 5.834733270226116986e+01 5.548583141212574787e+01 5.718982167122157989e+01 5.351515336580300897e+01 4.940893857733941985e+01 3.825400018321449380e+01 2.832577827992121655e+01 2.305791295784539585e+01
3.157254576549323843e+00 5.875701455257922845e+01 5.524075694350966614e+01 5.683430176036852544e+01 5.337643394505017369e+01 4.931601755881604987e+01 3.823281883310151130e+01 2.830865713943853734e+01 2.290562136372474100e+01
3.187691442714626344e+00 5.842250496691215034e+01 5.526255919214854373e+01 5.647674887590935811e+01 5.326557668464215567e+01 4.921312161092272675e+01 3.762536785026067321e+01 2.789121902215317661e+01 2.280595618660651525e+01
3.218359533180950471e+00 5.854990465212255657e+01 5.586729212028063785e+01 5.695051160540209878e+01 5.340603253212653811e+01 4.908521894434245780e+01 3.771138410963582999e+01 2.787134796282855831e+01 2.249851641548904979e+01
3.249147126285873988e+00 5.888509822609784550e+01 5.544969913367569347e+01 5.684740458341038760e+01 5.289827090772010365e+01 4.909863863322759414e+01 3.778398082421725235e+01 2.766136179353315327e+01 2.232909299116605339e+01
3.279708267707739378e+00 5.860538741173029820e+01 5.537456996810451670e+01 5.702863281195593004e+01 5.342489240497513947e+01 4.899745811106313909e+01 3.766425477387634402e+01 2.768410065880189919e+01 2.242498642004540699e+01
3.310282632154300853e+00 5.889907046681702951e+01 5.550632219260474187e+01 5.672013191169434521e+01 5.328344952498120080e+01 4.900398469004169044e+01 3.761421638985714822e+01 2.747014387259927304e+01 2.217915214271068081e+01
3.341041718675098693e+00 5.906059741121805473e+01 5.612841686027215360e+01 5.687019581812147351e+01 5.336993030202455657e+01 4.873816130102887456e+01 3.771347494191835636e+01 2.757364918685695443e+01 2.218367573846664342e+01
3.371829747667162813e+00 5.923980673275669773e+01 5.566407309398739045e+01 5.700437747673025513e+01 5.326517964111273784e+01 4.910851534420790898e+01 3.776464973603486186e+01 2.719927722263912528e+01 2.194337585739300067e+01
3.402297787356154846e+00 5.926351712538625094e+01 5.557498793986884067e+01 5.714596670100001319e+01 5.349469028279378335e+01 4.909579003637596628e+01 3.760401374203053848e+01 2.734026845200067868e+01 2.193809730244201361e+01
3.432832958011618363e+00 5.946540737080815830e+01 5.624526497155815719e+01 5.753500437079548391e+01 5.360261234211293413e+01 4.921546754842714932e+01 3.761465420039780838e+01 2.707699251263730034e+01 2.177807602650349139e+01
3.463520941391625474e+00 6.008913343873321367e+01 5.587807018635860601e+01 5.761521368372567764e+01 5.338146248552826734e+01 4.911002564453684727e+01 3.752091710341221642e+01 2.728639719154975296e+01 2.190912528476640020e+01
3.494268681864679316e+00 6.021332463955344849e+01 5.653655653191307806e+01 5.801914053454558484e+01 5.362746950067640483e+01 4.952764743878807252e+01 3.761567196012236280e+01 2.731542272489061673e+01 2.172387752739150102e+01
3.524882656063518027e+00 6.100476987041952981e+01 5.643344606470538594e+01 5.821290471168649105e+01 5.381595694388887097e+01 4.925923063868989260e+01 3.784231244772537650e+01 2.726362170745602853e+01 2.178137083772743310e+01
3.555471549307840373e+00 6.099756844274359224e+01 5.671016779511332828e+01 5.847406535178097897e+01 5.412254930821312371e+01 4.932216073005592705e+01 3.816175743302913759e+01 2.728764792463938704e+01 2.171359729172799291e+01
3.586282668127987350e+00 6.115601840611378748e+01 5.743640525822898724e+01 5.867521649150798169e+01 5.446951776444336701e+01 4.989445966725630655e+01 3.771974610662134353e+01 2.729232423433110100e+01 2.167016550472292380e+01
3.616919578699135496e+00 6.158971557385533657e+01 5.746813001023612344e+01 5.885928209138901224e+01 5.480961390272234723e+01 4.986206539616087952e+01 3.824273983001138788e+01 2.722549369155922605e+01 2.175153541812828450e+01
3.647368034652211044e+00 6.226884567084139377e+01 5.775209019221848905e+01 5.926100532871737414e+01 5.505822557105522463e+01 5.031609136883548672e+01 3.804053388996368312e+01 2.743789951238276359e+01 2.179074884883865693e+01
3.677992786099927081e+00 6.305005995533603169e+01 5.835050219469533062e+01 5.933742753105026679e+01 5.540514405782114693e+01 4.995872432646505956e+01 3.848494240987448478e+01 2.747829506826107604e+01 2.176602980165234769e+01
3.708738902049113051e+00 6.315962695873773924e+01 5.857678794122431754e+01 6.036305915523504950e+01 5.557425039310307824e+01 5.087972130347557709e+01 3.867820582334761781e+01 2.760425906848126942e+01 2.176659030526487015e+01
3.739459712114610479e+00 6.362186368442977624e+01 5.940718428557695319e+01 6.050828339795558719e+01 5.586008481003193538e+01 5.109914976340778026e+01 3.858444419521261182e+01 2.761797566785229918e+01 2.189012481174095726e+01
3.770116172833135604e+00 6.408674375821287583e+01 6.014790538764783889e+01 6.120803679369251427e+01 5.645434428383705949e+01 5.180978712220762361e+01 3.890889093298292067e+01 2.785133508541393255e+01 2.188580026281209001e+01
3.800728836828175083e+00 6.512031988367866120e+01 6.057081580723892245e+01 6.181377680843329614e+01 5.717121046892039260e+01 5.196631354832008753e+01 3.937891675754271148e+01 2.802975281715739797e+01 2.201564366204496892e+01
3.831471162457736224e+00 6.610414922271429816e+01 6.086059297668647616e+01 6.240515702079151339e+01 5.778544190785557788e+01 5.225459763737427465e+01 3.941657167068508016e+01 2.803560331695703667e+01 2.221192762819413602e+01
3.862151087390258031e+00 6.652353665801670957e+01 6.186972545614265329e+01 6.331985015701202713e+01 5.835022264406232040e+01 5.345415349818754436e+01 3.975925411714813862e+01 2.831270636226864923e+01 2.240625473307955673e+01
3.892653839410575412e+00 6.716758228161346267e+01 6.253912397921306621e+01 6.377776292996782814e+01 5.890002474634991358e+01 5.347151695124968995e+01 4.024879732739420746e+01 2.868133877753031413e+01 2.252536995793120411e+01
